11111111111000000000000
00000000000111000000000
00000000000000100000000
00000000000000010000000
00000000000000010000000
00000000000000010000000
00000000000000010000000
00000000000000010000000
00000000000000010000000
00000000000000010000000
00000000000000010000000
00000000000000010000000
00000001000000010000000
10011001000000010000000
01010101000000010000000
01010100000000010000000
10010101000000100000000
00000000000001000000000
00000011111110000000000
00011100000000000000000
11100000000000000000000
