00000100000000000000000010001000000000000000000000001000000000001000111111111111111000000000000000000000000000000000000000100000
00000100000000000000000010001000000000000000000000001000010000001000000000000000100000000000000000000000000000000000000000100000
00000100000000000000000010001000000000000000111111001000110000001000000000000000100000000000000000000111111111111111111000100000
00000100111111111111100010001000000000000000100001001001011111001000000000000000100000000000011111111100000000000000000000100000
00000100000000000100000010001111111111111000100001001110000001001000000001111100100011111111100000000100000000000000000000100000
00000100000000000100000010000000000000001000100001001010000001001001110001000100100000100000000000000100011111111111111111110000
00000100000000000100000010000000000000001000100001001001011111001000010001000100100000100000000000000100010000000000000000100000
00000111111111000100001111111111111110001000100001001000110000000000010000000100100000100111111111000100010000000000000000100000
00000100000001000100000000000000000010001000100111001000010000000000010000000100100000100100000001000100010000000010000000100000
00000100000001000100000000000000000010010000100000000000000011111111111111111100111100100100000001000100010000000010000000100000
00000100000000000100000000000000000010010000100000000000000010000000000000000000000000100100001001000100010000000010000000100000
00000000000000000111111110000001110010010000100000000010000010000000000000000000000000100010001001000100011111110010000000100000
00000000011111111100000011111111000010010000100000000010000010000000000000000000000000100010001000000100000000000010011111110000
00000000110000000000000000000000000010010000111111111110000010011111111111111111111111100010001000000100000000000010000000100000
00000111000000000000000000000000000010010000100000000000000010000000000000000011100000100010001111111111111111100010000000100000
00000100000001111111111111111111111110011111100000000000000010000000000000000010000000000010000000000100000000000010000000100000
00000100000001000000000010000000000000000100000000000000000010000000000000000010000000000001000000000000000000000010010000100000
00000100111111000000000010000000000000000100000000111111111111111111100000000010000000000001000000000000011111111111100000100000
00000100001001001111100010000111111000000100000000100000000000000000100011111110001111111111111000000000010000000110000000100000
00000100001001001000000010000100000000000100011000100000000000000000100000000010001000000000100111100100010000000100000000100000
00000100001001001000000010000100000000000100011000100111111111111000100000000010001000000000100000011100010001111100000000100000
00000100001001001001111110000100111111111100001000100000000000001000100001000010001001101100010000000100010000000100001000100000
00000100001000001000010010000100100000000000001000100000000000001000100001000010001010010010010000111110010000000100001000100000
00000100001000001000010010000100100000000000001000100000000000001000111111100010001010000010001000100000011111000100001000100000
00000100010000001000010010000100100111111110001000100111111111111000000000000010001001000100001000100000000000000100001000100000
00000100010000111100010000000100000100000010001000100100000000000000000000000010001000101100000000100000000000000100011111100000
00000100010000100000010000000100000100000010001000100100000000000000001111111110001000010010100000100000000000000100000000100000
00000100010001000000000000000100000100000010001000100100010001111000001000000000001000000101010000100111111111111100000000100000
00000100010001000000000000000100011100100010001000100100011110000000001000000000001000000100010000100000000000000100000000100000
00000100000011111111111111111111100000100000000000100100011111111111111000001111111000000010100000100000000000000000000000000000
00000100000010000000000000000000000000100000000000100100000000000000000000000000000000000001000000100000000000000000000000000000
00000100000010000000000000000000000000100000000000100100000000000000000000000000000000000000000000100000000000000000000000000000
